Eigvals	40
0.292762775934	0.216497847299	0.0497505150718	0.0413255701294	0.0259120340752	0.0216361998156	0.0194920860262	0.0167517060353	0.0124421751503	0.0118863290677	0.00902382402196	0.00616640939661	0.00509578780034	0.00376686401824	0.0026190114682	0.00168653551131	0.00145513081037	0.00107498057617	0.000452279977306	0.000354819634257	0.000250874985146	2.6700219738e-05	0.0	0.0	0.0	0.0	0.0	0.0	0.0	0.0	0.0	0.0	0.0	0.0	0.0	0.0	0.0	0.0	0.0	0.0

Proportion explained	40
0.395395371917	0.292394572975	0.0671913406584	0.0558128987501	0.0349959051919	0.0292211099778	0.0263253433747	0.0226242800744	0.0168039753529	0.0160532686831	0.012187267469	0.00832814120234	0.00688219636564	0.00508739744902	0.00353714713293	0.0022777770624	0.00196524980377	0.00145183192557	0.000610833837283	0.000479207238021	0.000338823157214	3.60604017362e-05	0.0	0.0	0.0	0.0	0.0	0.0	0.0	0.0	0.0	0.0	0.0	0.0	0.0	0.0	0.0	0.0	0.0	0.0

Species	0	0

Site	40	40
Post.TCD.2	-0.00197291952875	0.109008583298	-0.0309411224502	0.0165312228545	-0.00839849538452	0.00918027686026	-0.00795707199803	0.0292689118261	-0.0240432837993	0.0174014916053	-0.00773700689585	0.00508728531989	0.00390489923777	0.0151806427763	-0.0287585763687	0.00320379943676	0.000949412280996	0.00439496515833	0.000128274986793	0.00222001628295	0.000504820218866	8.27963496868e-05	0.0	0.0	0.0	0.0	0.0	0.0	0.0	0.0	0.0	0.0	0.0	0.0	0.0	0.0	0.0	0.0	0.0	0.0
Post.TCD.4	-0.00600559229848	0.0344523987313	-0.0497285539341	0.0327405710122	-0.0312803755181	-0.00190391995052	0.016492976482	-0.0078621368412	0.00384184257039	-0.0321715944692	-0.00312042466615	-0.0179941996441	0.000721906062461	-0.000565221405925	-0.00526069058852	-0.0147548730712	-0.00192777643917	0.00465263081572	-0.00637322693736	-0.00166242817023	-0.000212414094712	9.4526711662e-05	-0.0	0.0	0.0	0.0	0.0	0.0	0.0	0.0	0.0	0.0	0.0	0.0	0.0	0.0	0.0	0.0	0.0	0.0
Post.Propionate.7	-0.0949101872142	0.0709167278282	0.0281998977809	-0.0445694072088	0.0301671485451	-0.0225297809054	-0.00655009254628	0.0162315302307	-0.00387813483678	-0.0372536437248	-0.019529499991	0.00833176661153	0.0191989878368	-0.0102156722911	0.000558619142162	-0.00349075523917	0.00561392132271	-0.000217704424219	0.000434609775165	0.000986135250043	-0.00140780082143	0.000123515365291	-0.0	0.0	0.0	0.0	0.0	0.0	0.0	0.0	0.0	0.0	0.0	0.0	0.0	0.0	0.0	0.0	0.0	0.0
Post.Propionate.3	-0.0258729820959	0.0812370060292	0.0235522047081	-0.0702769586078	-0.0653016980239	0.0340275756375	0.0178257573494	0.00869640101115	0.0134283364601	-0.00297083452348	0.0044647725185	-0.00513905612266	-0.00962580292061	0.00814297779582	0.0111514120004	-0.00145854598191	-0.00159121680746	-0.00075780581486	0.00171967191024	-0.00143278141649	-0.000452355961427	-9.83090873603e-05	0.0	0.0	0.0	0.0	0.0	0.0	0.0	0.0	0.0	0.0	0.0	0.0	0.0	0.0	0.0	0.0	0.0	0.0
Post.Propionate.8	-0.0576797548051	0.0539549444432	0.00752476741338	-0.0457222338087	0.0096411327341	-0.0112937699845	-0.0235164710295	0.0230841482806	0.011073267381	-0.0323985805126	0.00962729680524	0.0016114970563	-0.0154586002987	0.00725654819909	-0.0122755371618	-0.0012905651612	-0.00159465529686	-0.006156781915	-0.00112522019173	-0.001805147377	0.00141076766691	-5.32906423984e-05	0.0	0.0	0.0	0.0	0.0	0.0	0.0	0.0	0.0	0.0	0.0	0.0	0.0	0.0	0.0	0.0	0.0	0.0
Pre.Propionate.8	0.0203699071432	-0.149746574726	0.0307119622082	0.0341195259843	0.00977507575577	-0.00301178857662	0.0011564472742	0.0238106547843	0.00457817729556	0.0156052343488	-0.00436408716912	-0.00470922589467	-0.000247382274933	0.0170194386892	0.0155197638627	-0.000215452810511	-0.00629044493643	-0.00794901906845	-0.0008040739025	0.00347100117842	-0.00268562888432	0.000463744267773	0.0	0.0	0.0	0.0	0.0	0.0	0.0	0.0	0.0	0.0	0.0	0.0	0.0	0.0	0.0	0.0	0.0	0.0
Pre.Propionate.4	-0.0820882900206	-0.053302495632	-0.0306419691761	0.0212075709809	0.00399367232402	0.00965396310143	0.00908673350909	-0.00561669943463	0.020929747298	0.00363003160132	-0.011394565251	-0.0284064662868	-0.0110438786599	0.00704528855879	-0.00178232812403	-0.00872583519846	-0.000191479352319	-0.00967675197135	0.00114080759392	-0.000893229145768	-0.000341149379791	-0.000114498110362	0.0	0.0	0.0	0.0	0.0	0.0	0.0	0.0	0.0	0.0	0.0	0.0	0.0	0.0	0.0	0.0	0.0	0.0
Pre.Propionate.5	-0.0139184300697	0.0232277125944	-0.0452111460291	-0.0272904254074	0.0181389666953	-0.00791873481935	0.0263681686275	-0.0102373917435	0.0118281633592	0.0267170446562	-0.00180824599097	0.00317415572473	0.00399309510475	0.00616584019472	0.00056472113636	-0.014907088956	-0.00491385522233	0.00590846604199	0.00743993644748	0.0054913775964	0.0037952701927	0.000691692098122	0.0	0.0	0.0	0.0	0.0	0.0	0.0	0.0	0.0	0.0	0.0	0.0	0.0	0.0	0.0	0.0	0.0	0.0
Pre.Propionate.6	0.0295049375998	-0.0637311746229	-0.00217137603011	-0.0366055620167	0.0138780622662	-0.0029288150078	0.00378364895494	-0.0167844101018	-0.00371967094945	-0.00732764408944	0.00838499929996	0.0149212539884	0.00554302310741	0.00139939964098	-0.00656480490911	-0.00743226392516	-0.00791029214236	-0.00727521076231	0.00113027582682	0.00626233679845	-0.00552624301761	-0.00119017291957	-0.0	0.0	0.0	0.0	0.0	0.0	0.0	0.0	0.0	0.0	0.0	0.0	0.0	0.0	0.0	0.0	0.0	0.0
Pre.Propionate.7	0.00451984598843	-0.102954538287	0.0401134425691	-0.00878111448437	0.0206710161236	-0.00590200308131	-0.0100136885895	-0.00791693416918	-0.0170527261415	0.0287626451765	0.0188365144557	-0.00700072630915	-0.00989022658756	-0.000385051456727	-0.00999643381416	-0.00381458784073	0.00733228719508	0.00424319826281	-0.00149623412299	0.0031873328561	0.000803895815693	-5.20828010213e-05	-0.0	0.0	0.0	0.0	0.0	0.0	0.0	0.0	0.0	0.0	0.0	0.0	0.0	0.0	0.0	0.0	0.0	0.0
Pre.Propionate.1	-0.00625503684388	-0.0361571844757	-0.0196097463936	-0.0264672331262	0.0107446575435	0.0110551673629	0.00475719610038	-0.0189689700337	0.00705216612858	-0.0105913854527	-0.00690348544148	0.0157221936588	-0.00417700642074	-0.000405844370606	0.00894867896395	0.00803249948611	-0.00258749134431	-0.00247329641927	-0.00744983325553	0.0047465100477	0.00849673387657	-0.000285621736402	-0.0	0.0	0.0	0.0	0.0	0.0	0.0	0.0	0.0	0.0	0.0	0.0	0.0	0.0	0.0	0.0	0.0	0.0
Pre.Propionate.2	0.0399169803188	-0.124651246851	0.008444097654	0.0311411602195	0.0018331358883	0.0048041546874	0.016296661474	0.0143611534871	0.0351560169469	-0.0117095836248	-0.0165993498925	0.0104158160678	-0.00674654026817	-0.0228818541855	-0.00523007962406	-0.00752650889218	-0.002993830215	0.00532760959532	0.000397910944069	-0.00281285692111	0.00160140651856	0.000270722093255	0.0	0.0	0.0	0.0	0.0	0.0	0.0	0.0	0.0	0.0	0.0	0.0	0.0	0.0	0.0	0.0	0.0	0.0
Pre.Propionate.3	-0.0537857483716	-0.0354142655738	-0.00786937618914	-0.024708173667	-0.00127606605173	0.0100796038473	0.022438892336	-0.0132325504503	0.00149613253395	-0.000231672269741	-0.0310081755762	0.000848861810687	-0.0177745550163	-0.0125299207403	-0.00406053585697	0.0066484960932	-0.000435502394746	0.00722177871611	-0.00111922997805	0.0060663794331	-0.000778856360715	-0.000105383036118	0.0	0.0	0.0	0.0	0.0	0.0	0.0	0.0	0.0	0.0	0.0	0.0	0.0	0.0	0.0	0.0	0.0	0.0
Pre.TCD.4	-0.0105608323977	-0.00124674606023	-0.0477200362396	-0.0158372449752	0.00889466067528	-0.00820921461042	0.0302223133049	-0.013756507533	0.0131085772614	0.00758358993322	0.000459143505515	0.00598482319599	0.00540557199102	0.00568773655327	0.00586916166497	0.00443905317201	0.00953746042488	0.00383357063176	-0.00836613367444	-0.000900838655374	-0.00760845520394	0.000374961298963	0.0	0.0	0.0	0.0	0.0	0.0	0.0	0.0	0.0	0.0	0.0	0.0	0.0	0.0	0.0	0.0	0.0	0.0
Pre.TCD.3	0.017036506916	-0.0625899356844	0.0030181227813	-0.032486168844	0.00578536347668	0.00352294410563	0.00051997208347	-0.0221370410335	-0.00251703621653	-0.0138563695653	-0.00561949581648	0.0124015649608	0.0090916030131	-0.00430776008563	-0.00648276096994	0.00408079858169	-0.00247458689686	-0.00396483113148	0.00493120020281	-0.00146813020565	-0.00215229706785	0.00187272570689	0.0	0.0	0.0	0.0	0.0	0.0	0.0	0.0	0.0	0.0	0.0	0.0	0.0	0.0	0.0	0.0	0.0	0.0
Pre.TCD.2	-0.176614934182	-0.0421879263332	-0.0302927022863	0.0282731578237	-0.00173838127204	0.00354137012308	-0.0246948155613	0.0287503601943	-0.0149688561476	0.00414367055568	-0.00590773387403	0.0140276651446	0.0186043124844	-0.00150711088218	0.0112366077856	0.00332262896937	-0.00252327253628	0.000944463639547	0.00142531269126	0.000787334629656	-0.000106462265215	-7.39062988242e-06	-0.0	0.0	0.0	0.0	0.0	0.0	0.0	0.0	0.0	0.0	0.0	0.0	0.0	0.0	0.0	0.0	0.0	0.0
Pre.TCD.1	-0.0169678983462	-0.0737174252985	0.0162042616046	0.013317064945	-0.00107117840684	0.0129774698093	-0.0365928792477	-0.0371090427581	-0.0186977050054	0.00500401670933	-0.00326954175805	0.0308949415426	-0.0196996457693	0.00548436062448	0.00787269700568	-0.00126386760066	0.00060394636192	0.00453431082358	0.00317436023582	-0.00548352883505	-0.000299052124862	-0.000160126650862	0.0	0.0	0.0	0.0	0.0	0.0	0.0	0.0	0.0	0.0	0.0	0.0	0.0	0.0	0.0	0.0	0.0	0.0
Pre.PBS.8	-0.0141345899342	-0.101657123297	0.00158689602032	0.0197888947938	-0.00547435424417	0.0208733403337	-0.0178816171075	-0.0197905144064	0.00648173354605	-0.00176899646505	0.00750985627013	-0.0164958055241	0.0154672009542	-0.0085477757643	-0.00358050508656	-2.07092619104e-05	0.00314332273099	-0.00271676311512	0.000139286729417	0.000262562168279	-0.000135941588779	-0.00311673207959	0.0	0.0	0.0	0.0	0.0	0.0	0.0	0.0	0.0	0.0	0.0	0.0	0.0	0.0	0.0	0.0	0.0	0.0
Pre.PBS.7	-0.0169595658838	-0.0990922563435	7.51812678739e-05	0.0177291157103	-0.0059589052444	0.020216801511	-0.0176321149766	-0.0194396097076	0.00733844419379	-0.000397145422927	0.00621886237247	-0.0180086259173	0.0136143273443	-0.00579572624125	-0.00376281408247	0.00378975062244	0.00246329009407	0.0013049318584	-0.000713663380131	-0.00168938677415	-0.000297035211387	0.00280147732354	-0.0	0.0	0.0	0.0	0.0	0.0	0.0	0.0	0.0	0.0	0.0	0.0	0.0	0.0	0.0	0.0	0.0	0.0
Pre.PBS.6	-0.0268675383323	0.00237514132422	-0.0408330479931	-0.0220188756068	0.021193749164	-0.0157135472445	0.0328598893984	-0.013849504544	0.00528177752016	0.00943933987725	-0.00787463401458	0.0131439937007	0.00596992441621	0.00926748298153	-0.00301035036518	-0.00271249931486	0.00218802567451	-0.00721952170573	0.00385803963642	-0.00870016084516	0.00192669366263	-0.000694065224377	-0.0	0.0	0.0	0.0	0.0	0.0	0.0	0.0	0.0	0.0	0.0	0.0	0.0	0.0	0.0	0.0	0.0	0.0
Pre.PBS.5	0.0484375512213	-0.120055604751	0.0101454835483	-0.00551347147028	-0.00122555323057	-0.03543624957	0.0227114692872	0.0301427793327	-0.0216396722178	-0.0166099508873	-0.00653594764459	-0.0106841270761	-0.00540449027186	0.00400136719028	0.00186879539597	0.00873122341649	-0.00138079309788	0.00817607087802	0.00326352448131	-0.00367713265167	0.000342668685663	-0.00107741539476	-0.0	0.0	0.0	0.0	0.0	0.0	0.0	0.0	0.0	0.0	0.0	0.0	0.0	0.0	0.0	0.0	0.0	0.0
Pre.PBS.4	0.0471731250942	-0.0996768203367	0.00518120979357	-0.0228193203218	-0.00331810156076	-0.0306893360279	0.0230637844795	0.0192353255026	-0.0342696444313	-0.0131316708038	0.00677494189622	-0.00166313709506	-0.00258538647774	0.00137108644697	1.87431631424e-05	0.00261616243559	0.0118905492055	-0.00635052282625	-0.00424494018436	0.00050350539485	0.00323936159625	0.000500942429153	0.0	0.0	0.0	0.0	0.0	0.0	0.0	0.0	0.0	0.0	0.0	0.0	0.0	0.0	0.0	0.0	0.0	0.0
Pre.PBS.3	-0.141949520163	-0.0623982817243	-0.0451104143628	0.0362854469595	-0.0325450313677	0.0313141384647	-0.0252674673305	0.0273141189447	0.0116886123002	-0.0098132641837	0.0296439135156	0.0121058217991	-0.0156940892942	0.00301541835088	-0.004652124845	0.00300203973362	-0.000596223436011	0.00203594183365	0.00030963652141	0.000790714192411	0.000590625800024	0.00014897446771	0.0	0.0	0.0	0.0	0.0	0.0	0.0	0.0	0.0	0.0	0.0	0.0	0.0	0.0	0.0	0.0	0.0	0.0
Pre.PBS.2	0.0249423408608	-0.0398783039248	-0.0172999249304	-0.0500380913255	0.000944360256038	-0.0227809358678	-0.00345758348207	-0.00676153217967	-0.0248712525641	0.00780820645142	0.0179518210263	-0.0207670121208	0.00843937175969	0.0114407043476	0.00663069368545	-0.00254060524399	-0.0125760271661	0.010394928143	-0.00176962066274	-0.00322770926162	0.00123444762098	0.000157473341949	0.0	0.0	0.0	0.0	0.0	0.0	0.0	0.0	0.0	0.0	0.0	0.0	0.0	0.0	0.0	0.0	0.0	0.0
Pre.PBS.1	0.00844208642451	0.0284172079731	-0.0488990858258	-0.0417531147164	0.0216017657098	0.00960969845728	0.00855217222018	0.0144830004678	0.0138011392408	0.047833697488	0.0147740896598	-0.00781756326937	-0.0048641950299	-0.0210872445695	-0.00567828373085	0.0131850317015	0.00272941723713	-0.00431551828974	0.000631492720763	-0.00301268202917	-0.000833782822722	-0.000260014081793	-0.0	0.0	0.0	0.0	0.0	0.0	0.0	0.0	0.0	0.0	0.0	0.0	0.0	0.0	0.0	0.0	0.0	0.0
Post.Propionate.2	-0.14580655713	0.0432022771525	0.0680854103433	0.0059145355206	0.00366663456072	0.0020523489738	-0.000631917915317	0.000925928229273	0.0139518036001	0.0135444132308	-0.00729865112827	0.0062116639567	0.00904130324627	0.00321356298934	-0.000381639985904	-0.0029638377492	0.00454239380783	0.0126951338444	-0.0016855626166	-0.00183433836157	-0.00174790696516	-0.000836894869597	-0.0	0.0	0.0	0.0	0.0	0.0	0.0	0.0	0.0	0.0	0.0	0.0	0.0	0.0	0.0	0.0	0.0	0.0
Post.TCD.1	0.00736471334598	0.0460723796302	-0.0507554347902	0.0315503801684	-0.0409724264685	0.000896502847954	0.00927696539129	0.00238673544434	0.00190305033197	-0.0152432702424	-0.0126349393512	-0.00903052235564	0.0155230100144	0.0017503585755	0.00740271583233	0.0125443241566	0.00544793340979	-0.00086591342785	0.00734289804185	0.00219300427047	0.00102017031806	-0.000294214560374	-0.0	0.0	0.0	0.0	0.0	0.0	0.0	0.0	0.0	0.0	0.0	0.0	0.0	0.0	0.0	0.0	0.0	0.0
Post.Propionate.1	-0.154442893634	0.0451103217478	0.069629679467	0.0201027357711	0.00805726918366	-0.00181641358037	-0.00151503992443	-0.000257915928703	0.0163744496222	0.0175037961743	0.000623214669225	0.00202456560297	0.0162973651326	0.0139683767576	-0.00224431189725	-0.00157965161697	0.0045340566875	-0.00642367685497	-0.00332033014131	-0.00102959947871	0.00309447053312	0.000332391580574	0.0	0.0	0.0	0.0	0.0	0.0	0.0	0.0	0.0	0.0	0.0	0.0	0.0	0.0	0.0	0.0	0.0	0.0
Post.Propionate.6	0.176437102869	-0.0209113035723	0.00784218590039	-0.0152060914526	-0.0235289138189	-0.0536489551192	-0.0638485959736	0.0301426209437	0.0275662668426	0.00884440513096	-0.00985908975847	-0.00181376883099	0.00693132973327	-0.00434261432734	-0.00304017406447	-0.00152618891766	-0.00291570145533	-0.000370067769886	0.000615621064163	0.00112906422327	-0.000862023946133	0.000101075094172	0.0	0.0	0.0	0.0	0.0	0.0	0.0	0.0	0.0	0.0	0.0	0.0	0.0	0.0	0.0	0.0	0.0	0.0
Post.PBS.8	0.157865989362	0.0643342304145	0.0286786601605	0.0454041789649	0.0443505730852	0.0225866513217	0.0236407306517	0.017174223116	0.011952161387	-0.00623274346699	0.00320711562409	-0.00475123210995	-0.000977056190456	0.0104934283607	0.00753666023901	0.00135291497069	0.00922763680873	0.00497924910952	0.0035497112788	0.00260062584419	0.000498674184009	7.39232446079e-05	-0.0	0.0	0.0	0.0	0.0	0.0	0.0	0.0	0.0	0.0	0.0	0.0	0.0	0.0	0.0	0.0	0.0	0.0
Post.Propionate.4	0.127865444115	0.01586988891	0.0662535788559	-0.041900612612	-0.076437861649	0.045027000466	0.0156904204989	0.0122040217924	-0.0132708269487	0.0167441605547	-0.00449354495823	0.00683943228055	0.00761710018566	-0.00610306264854	0.000460733123002	-0.00403089672294	0.000826558869666	-0.00259154757186	-0.00103851788204	-3.3023105039e-05	-0.000246023720103	5.99354897323e-05	-0.0	0.0	0.0	0.0	0.0	0.0	0.0	0.0	0.0	0.0	0.0	0.0	0.0	0.0	0.0	0.0	0.0	0.0
Post.Propionate.5	0.101525361335	0.0551363568136	0.00286178040561	-0.0402879447761	0.0639334033074	0.0651342287155	-0.0431917883636	-0.00158526335064	-0.00356531829694	-0.0240040397939	0.00242250691723	-0.0172700093721	-0.00365766499933	0.00212384467381	0.00520395147463	-0.000871099393331	0.00427956815624	0.00187542291152	0.00151097432333	-0.000806986797953	-7.75635355275e-05	-2.46798089145e-05	0.0	0.0	0.0	0.0	0.0	0.0	0.0	0.0	0.0	0.0	0.0	0.0	0.0	0.0	0.0	0.0	0.0	0.0
Post.PBS.5	0.0425397803224	0.108249501785	-0.0226042357154	-0.000471964017048	-0.0218288248751	-0.0438588564026	-0.0464985594578	-0.0359209618188	0.0152786241593	0.0142923064494	-0.0252470398278	-0.00550442347752	-0.0179338484622	0.00755322467965	0.0074712581455	0.00328210578829	0.00568372243716	-0.000271508237624	-0.00148716168127	0.000769370947008	-0.000127956091401	-8.48145706092e-05	-0.0	0.0	0.0	0.0	0.0	0.0	0.0	0.0	0.0	0.0	0.0	0.0	0.0	0.0	0.0	0.0	0.0	0.0
Post.PBS.4	0.0991539826708	0.0482206134149	0.0114779061469	0.0417474748605	-0.01898780299	-0.0294745928426	0.00448649456572	-0.0171311769745	-0.00901275646278	0.00109058229759	0.0277012816408	0.00852325115683	-0.000779930450576	-0.0148729870805	0.00352978841738	-0.0104393922713	0.0129313917051	-0.00210874775016	0.00239666813813	0.000181790448012	0.00182888138434	4.84538875262e-05	0.0	0.0	0.0	0.0	0.0	0.0	0.0	0.0	0.0	0.0	0.0	0.0	0.0	0.0	0.0	0.0	0.0	0.0
Post.PBS.7	0.156297433872	0.060321559781	0.0357163896223	0.050298574904	0.0241400193821	0.00441334255475	0.024118598801	0.0200436762533	0.0149691608086	0.00370364106799	-0.0104685283931	0.0106894522548	-0.009848010253	0.00404014924117	-0.00371550168561	0.00489692258983	-0.0110363674614	-0.00232490469498	-0.00303334153159	-0.00301845342062	-0.0004999139625	-5.50919109266e-05	0.0	0.0	0.0	0.0	0.0	0.0	0.0	0.0	0.0	0.0	0.0	0.0	0.0	0.0	0.0	0.0	0.0	0.0
Post.PBS.6	0.0711085256976	0.0603940828623	0.0326249223213	0.0270517951194	-0.00670569291063	-0.00822901833591	0.00657649654282	-0.0521929954585	0.0124954920737	-0.0147496152755	0.0238893810671	0.000964937745158	0.0176217905962	0.0021896049578	-0.00822759170374	0.0129307221636	-0.011867074635	0.00157049114312	-0.000716355524234	0.000503251425915	0.00137369243008	-0.000192515098186	0.0	0.0	0.0	0.0	0.0	0.0	0.0	0.0	0.0	0.0	0.0	0.0	0.0	0.0	0.0	0.0	0.0	0.0
Post.PBS.1	-0.0197207863953	0.132567419387	-0.0246771411144	0.0155230876336	0.0235183248745	0.00371758057356	-0.0119405594012	0.0218377067468	-0.0203370156716	0.0179806389385	0.00406785678667	-0.000993467491894	0.00701217579772	-0.0229667145346	0.0144320521975	-0.00529561149509	-0.0100091478059	-0.00155120762171	-0.00392618652495	-0.00118019234088	0.00118729606222	-1.52975265844e-05	0.0	0.0	0.0	0.0	0.0	0.0	0.0	0.0	0.0	0.0	0.0	0.0	0.0	0.0	0.0	0.0	0.0	0.0
Post.TCD.3	0.0947416589778	0.0384360448493	-0.0466465715806	0.0460574712878	-0.00309542056663	0.0248038838536	-0.00642917387884	-0.0120539203347	-0.0477192372223	-0.000759929315871	-0.0187483917337	0.0076190413455	-0.000590899429484	0.00287640904063	-0.00314595031789	-0.00447266230133	-0.000980691961256	-0.00466483743175	-0.00190679554188	-0.000518805152922	-0.00197788112962	-9.74192162055e-06	0.0	0.0	0.0	0.0	0.0	0.0	0.0	0.0	0.0	0.0	0.0	0.0	0.0	0.0	0.0	0.0	0.0	0.0
Post.PBS.3	-0.168778362637	0.0801761201479	0.0749311473316	0.0269057396064	0.002060483021	-0.0199484334996	0.0126736195809	-0.0165206000496	-0.0295813713739	-6.65160540855e-05	-0.0102931943348	-0.0228996579085	-0.0195458266341	-0.0125395312441	-0.0016124346732	0.00390381052793	-0.00600892386142	-0.00445233746402	0.00348024333543	0.000855566643049	-0.00117121591443	0.000347763241663	0.0	0.0	0.0	0.0	0.0	0.0	0.0	0.0	0.0	0.0	0.0	0.0	0.0	0.0	0.0	0.0	0.0	0.0
Post.PBS.2	-0.0399508538516	0.0876886883769	-0.0118473028633	0.0110643033242	0.0021556090114	-0.0241936781822	0.0150200278702	0.00903238226421	0.00756936542456	-0.0163444621035	0.0441580054368	0.00940504188225	-0.0134532623093	-0.00163315979797	0.00718637661965	0.00137121512007	-0.00111953994534	0.000605312861774	0.00155597084828	0.00217953131587	-0.00340191649704	0.000181258669035	-0.0	0.0	0.0	0.0	0.0	0.0	0.0	0.0	0.0	0.0	0.0	0.0	0.0	0.0	0.0	0.0	0.0	0.0

Biplot	0	0

Site constraints	0	0
